10753297603582109,10782300748491212,38670.87871913445,
10753297603582109,10782300748491212,38670.87871913445,
10753297603582109,10782300748491212,38670.87871913445,
10753297603582109,10782300748491212,38670.87871913445,
10753297603582109,10782300748491212,38670.87871913445,
10753297603582109,10782300748491212,38670.87871913445,
10753297603582109,10782300748491212,38670.87871913445,
10753297603582109,10782300748491212,38670.87871913445,
10753297603582109,10782300748491212,38670.87871913445,
10753297603582109,10782300748491212,38670.87871913445,
10753297603582109,10782300748491212,38670.87871913445,
10753297603582109,10782300748491212,38670.87871913445,
10753297603582109,10782300748491212,38670.87871913445,
10753297603582109,10782300748491212,38670.87871913445,
10753297603582109,10782300748491212,38670.87871913445,
10753297603582109,10782300748491212,38670.87871913445,
10753297603582109,10782300748491212,38670.87871913445,
10753297603582109,10782300748491212,38670.87871913445,
10753297603582109,10782300748491212,38670.87871913445,
10753297603582109,10782300748491212,38670.87871913445,
10753297603582109,10782300748491212,38670.87871913445,
10753297603582109,10782300748491212,38670.87871913445,
10753297603582109,10782300748491212,38670.87871913445,
10753297603582109,10782300748491212,38670.87871913445,
10753297603582109,10782300748491212,38670.87871913445,
10753297603582109,10782300748491212,38670.87871913445,
10753297603582109,10782300748491212,38670.87871913445,
10753297603582109,10782300748491212,38670.87871913445,
10753297603582109,10782300748491212,38670.87871913445,
10753297603582109,10782300748491212,38670.87871913445,
10753297603582109,10782300748491212,38670.87871913445,
